183
x375 0 212 4 15 21 36 46 54 62 91 111
x384 0 212 4 19 27 59 69 76 88 189 195
x393 0 212 4 3 13 18 28 32 50 58 68
x402 0 212 4 4 12 17 23 33 47 190 198
x411 0 212 4 8 14 19 25 146 158 169 175
x420 0 212 4 91 97 100 106 139 145 164 178
x429 0 212 4 56 66 107 117 153 159 169 177
x438 0 212 4 16 34 65 71 99 105 129 139
x447 0 212 4 4 14 18 28 101 121 185 193
x456 0 212 4 13 21 102 108 138 144 188 204
x465 0 212 4 77 87 95 105 117 125 130 136
x474 0 212 4 8 16 18 36 38 44 169 177
x483 0 212 4 14 24 48 56 109 117 153 173
x492 0 212 4 12 20 30 38 46 56 153 159
x501 0 212 4 11 21 135 141 149 159 191 205
x510 0 212 4 107 113 118 124 138 152 200 206
x519 0 212 4 23 33 58 66 146 156 187 193
x528 0 212 4 43 51 64 74 183 193 196 204
x537 0 212 4 81 91 93 101 122 138 204 210
x546 0 212 4 17 23 65 85 122 132 184 194
x555 0 212 4 2 12 57 73 92 102 164 170
x564 0 212 4 9 17 22 30 47 57 106 126
x573 0 212 4 9 17 24 30 136 148 154 164
x582 0 212 4 2 8 24 30 114 122 142 152
x591 0 212 4 36 42 47 61 106 114 194 202
x600 0 212 4 2 8 24 44 72 78 141 147
x609 0 212 4 22 32 41 53 60 68 95 103
x618 0 212 4 7 15 17 27 33 53 198 204
x627 0 212 4 16 22 36 46 48 56 152 166
x636 0 212 4 7 17 26 36 182 198 202 208
x645 0 212 4 53 63 79 87 112 118 182 202
x654 0 212 4 28 38 76 90 171 179 183 193
x663 0 212 4 85 91 119 135 137 147 149 159
x672 0 212 4 59 69 83 93 103 111 203 211
x681 0 212 4 10 18 21 37 142 152 175 185
x690 0 212 4 44 54 66 86 103 109 196 206
x699 0 212 4 37 43 82 90 93 99 114 134
x708 0 212 4 12 22 26 34 156 168 186 194
x717 0 212 4 2 8 36 46 175 195 201 207
x726 0 212 4 51 61 136 146 165 179 188 196
x735 0 212 4 79 99 119 129 152 158 186 192
x744 0 212 4 2 12 14 20 59 67 175 191
x753 0 212 4 48 58 61 67 73 83 95 105
x762 0 212 4 59 67 96 104 173 187 193 203
x771 0 212 4 45 55 68 86 137 145 189 195
x780 0 212 4 1 7 11 23 69 75 111 117
x789 0 212 4 3 11 20 38 142 150 152 160
x798 0 212 4 27 33 94 114 172 178 196 206
x807 0 212 4 6 12 102 108 187 199 201 209
x816 0 212 4 114 120 153 171 190 200 203 211
x825 0 212 4 60 66 139 145 175 195 201 211
x834 0 212 4 24 34 138 150 167 177 197 207
x843 0 212 4 3 11 61 71 75 83 86 104
x852 0 212 4 37 45 60 68 75 93 176 182
x861 0 212 4 3 13 15 21 24 30 120 130
x870 0 212 4 29 49 56 66 156 162 184 194
x879 0 212 4 67 73 78 90 109 119 131 137
x888 0 212 4 5 11 61 75 166 172 197 207
x897 0 212 4 22 28 34 44 46 54 162 176
x906 0 212 4 4 14 20 30 34 44 85 91
x915 0 212 4 4 18 57 67 96 106 123 131
x924 0 212 4 19 27 29 39 74 82 191 209
x933 0 212 4 1 7 9 19 21 31 33 43
x942 0 212 4 135 151 164 170 191 197 201 207
x951 0 212 4 11 19 60 80 187 197 201 211
x960 0 212 4 1 9 60 74 105 113 119 129
x969 0 212 4 6 14 18 34 153 159 193 203
x978 0 212 4 21 27 31 49 127 137 155 165
x987 0 212 4 2 12 18 28 78 88 90 104
x996 0 212 4 36 44 46 56 61 81 131 137
x1005 0 212 4 19 25 51 57 59 67 130 150
x1014 0 212 4 134 142 158 166 184 194 199 205
x1023 0 212 4 160 166 175 189 191 197 200 210
x1032 0 212 4 36 46 76 82 137 149 163 171
x1041 0 212 4 19 25 46 56 95 115 200 210
x1050 0 212 4 23 29 63 73 111 121 135 145
x1059 0 212 4 1 9 18 34 185 193 199 207
x1068 0 212 4 65 71 99 109 152 158 161 177
x1077 0 212 4 10 24 130 138 160 166 187 195
x1086 0 212 4 27 33 37 47 173 183 197 203
x1095 0 212 4 7 17 156 176 189 197 200 210
x1104 0 212 4 3 13 16 26 69 77 103 115
x1113 0 212 4 7 15 17 35 96 106 172 180
x1122 0 212 4 5 13 77 97 102 110 164 174
x1131 0 212 4 12 20 54 62 85 93 107 117
x1140 0 212 4 12 20 32 42 48 60 64 74
x1149 0 212 4 37 47 52 58 78 88 173 179
x1158 0 212 4 23 29 46 64 73 79 203 211
x1167 0 212 4 1 7 10 16 22 34 153 161
x1176 0 212 4 16 26 139 147 165 173 193 211
x1185 0 212 4 20 26 45 53 57 63 89 105
x1194 0 212 4 119 127 130 138 141 147 153 167
x1203 0 212 4 9 17 36 42 46 56 112 122
x1212 0 212 4 2 12 31 41 74 80 93 101
x1221 0 212 4 29 37 49 59 79 91 180 186
x1230 0 212 4 55 65 73 83 89 103 192 198
x1239 0 212 4 37 47 58 66 86 94 115 123
x1248 0 212 4 7 17 85 93 106 122 127 135
x1257 0 212 4 14 22 37 43 123 131 143 161
x1266 0 212 4 86 106 151 159 164 170 177 185
x1275 0 212 4 29 39 53 63 66 86 161 167
x1284 0 212 4 73 81 142 152 154 170 178 186
x1293 0 212 4 9 15 60 72 111 121 128 138
x1302 0 212 4 18 34 51 59 68 78 110 118
x1311 0 212 4 69 79 159 167 176 182 190 204
x1320 0 212 4 112 118 122 128 166 176 193 199
x1329 0 212 4 40 46 51 65 75 81 137 147
x1338 0 212 4 10 16 44 52 168 180 200 210
x1347 0 212 4 6 12 15 25 41 51 130 140
x1356 0 212 4 25 33 47 59 70 78 129 135
x1365 0 212 4 24 30 32 48 170 180 201 211
x1374 0 212 4 97 107 155 171 177 185 198 204
x1383 0 212 4 80 96 105 113 117 123 128 136
x1392 0 212 4 139 155 166 176 188 194 196 204
x1401 0 212 4 114 124 175 181 184 190 199 209
x1410 0 212 4 2 8 102 112 162 178 184 190
x1419 0 212 4 2 12 49 57 169 177 184 190
x1428 0 212 4 91 111 147 155 189 199 201 211
x1437 0 212 4 159 179 181 191 193 201 203 211
x1446 0 212 4 48 56 85 91 174 192 203 209
x1455 0 212 4 1 11 13 21 25 31 51 61
x1464 0 212 4 36 48 96 104 157 163 187 197
x1473 0 212 4 121 127 164 170 174 188 195 205
x1482 0 212 4 23 29 32 40 73 93 194 202
x1491 0 212 4 68 78 100 110 126 134 180 196
x1500 0 212 4 17 27 35 41 48 56 78 92
x1509 0 212 4 26 36 45 57 107 117 173 181
x1518 0 212 4 53 61 138 148 157 167 201 207
x1527 0 212 4 17 25 37 45 90 100 148 158
x1536 0 212 4 55 69 82 90 131 139 145 153
x1545 0 212 4 66 72 173 183 186 200 203 211
x1554 0 212 4 2 8 10 18 54 74 141 151
x1563 0 212 4 4 10 21 35 142 152 200 208
x1572 0 212 4 92 100 111 123 125 133 165 175
x1581 0 212 4 1 9 46 58 159 165 181 189
x1590 0 212 4 37 47 63 73 78 90 96 106
x1599 0 212 4 24 30 135 141 170 176 188 202
x1608 0 212 4 112 120 140 150 153 167 202 208
x1617 0 212 4 76 82 107 113 138 156 170 180
x1626 0 212 4 42 48 50 58 83 93 180 190
x1635 0 212 4 4 14 16 34 78 88 170 178
x1644 0 212 4 44 50 161 179 181 189 194 204
x1653 0 212 4 16 26 63 83 90 98 135 141
x1662 0 212 4 91 97 119 137 166 174 184 192
x1671 0 212 4 10 18 28 44 104 114 200 208
x1680 0 212 4 80 100 108 114 159 167 203 211
x1689 0 212 4 31 45 50 56 59 65 69 75
x1698 0 212 4 10 18 29 43 65 73 75 83
x1707 0 212 4 117 127 178 184 194 202 204 210
x1716 0 212 4 2 8 10 26 170 176 187 197
x1725 0 212 4 8 16 111 121 150 170 200 210
x1734 0 212 4 4 14 22 30 36 56 184 190
x1743 0 212 4 91 97 162 174 184 192 201 209
x1752 0 212 4 147 163 168 178 188 194 200 206
x1761 0 212 4 32 42 54 68 103 113 139 149
x1770 0 212 4 57 71 75 85 99 105 129 139
x1779 0 212 4 6 12 20 26 66 84 86 94
x1788 0 212 4 57 63 164 180 185 195 200 206
x1797 0 212 4 131 147 154 160 187 195 202 208
x1806 0 212 4 32 48 79 89 93 103 171 177
x1815 0 212 4 106 118 132 138 156 164 178 188
x1824 0 212 4 10 16 42 54 63 69 159 169
x1833 0 212 4 85 93 144 150 154 174 183 193
x1842 0 212 4 118 130 168 176 180 190 201 209
x1851 0 212 4 164 170 172 180 183 193 197 205
x1860 0 212 4 83 93 163 177 191 197 199 209
x1869 0 212 4 34 40 128 142 191 201 205 211
x1878 0 212 4 1 9 11 25 90 100 136 146
x1887 0 212 4 4 12 14 32 47 57 169 175
x1896 0 212 4 4 20 79 87 123 133 148 154
x1905 0 212 4 16 22 31 41 103 111 143 153
x1914 0 212 4 30 36 86 106 189 197 202 208
x1923 0 212 4 123 135 146 154 157 167 172 178
x1932 0 212 4 4 12 16 22 179 197 202 208
x1941 0 212 4 68 78 175 185 187 193 197 207
x1950 0 212 4 138 150 154 162 172 180 183 189
x1959 0 212 4 10 16 20 28 107 127 135 141
x1968 0 212 4 53 61 102 114 118 126 129 137
x1977 0 212 4 1 17 39 45 51 59 199 205
x1986 0 212 4 5 11 18 26 57 67 82 102
x1995 0 212 4 50 64 124 134 139 147 151 157
x2004 0 212 4 7 17 19 25 95 105 175 183
x2013 0 212 4 27 33 53 63 95 101 110 130
